/home/sfw268/.conda/envs/nlu/lib/python3.6/site-packages/sklearn/linear_model/sag.py:326: ConvergenceWarning: The max_iter was reached which means the coef_ did not converge
  "the coef_ did not converge", ConvergenceWarning)
Normalized confusion matrix
[[9.26072607e-01 3.93839384e-02 4.10707737e-03 1.39347268e-03
  6.60066007e-03 1.95086175e-02 5.86725339e-04 2.34690136e-03
  0.00000000e+00]
 [9.27081748e-02 8.40158319e-01 1.53752474e-02 7.91596895e-03
  7.91596895e-03 3.10549551e-02 1.67453189e-03 3.19683361e-03
  0.00000000e+00]
 [1.97314050e-01 4.76239669e-01 2.06611570e-01 1.96280992e-02
  2.78925620e-02 6.61157025e-02 1.03305785e-03 5.16528926e-03
  0.00000000e+00]
 [6.08465608e-02 2.22222222e-01 5.02645503e-02 5.74074074e-01
  2.64550265e-03 8.73015873e-02 0.00000000e+00 2.64550265e-03
  0.00000000e+00]
 [3.24708270e-02 1.26839168e-02 3.04414003e-03 1.26839168e-03
  9.46981228e-01 3.29781837e-03 2.53678336e-04 0.00000000e+00
  0.00000000e+00]
 [4.49180905e-02 3.17068874e-02 1.05689625e-02 3.87528624e-03
  2.11379250e-03 9.03293993e-01 2.64224062e-03 8.80746873e-04
  0.00000000e+00]
 [1.97674419e-01 1.86046512e-01 2.32558140e-02 0.00000000e+00
  0.00000000e+00 1.86046512e-01 3.13953488e-01 9.30232558e-02
  0.00000000e+00]
 [2.39543726e-01 1.44486692e-01 1.14068441e-02 3.80228137e-03
  0.00000000e+00 2.28136882e-02 1.14068441e-02 5.66539924e-01
  0.00000000e+00]
 [2.85714286e-01 2.38095238e-01 2.38095238e-02 0.00000000e+00
  0.00000000e+00 2.14285714e-01 0.00000000e+00 0.00000000e+00
  2.38095238e-01]]
Normalized confusion matrix
[[9.41034103e-01 2.69160249e-02 1.10011001e-02 1.76017602e-03
  6.16061606e-03 1.07810781e-02 1.46681335e-04 1.98019802e-03
  2.20022002e-04]
 [4.97792663e-02 8.78520323e-01 3.85142335e-02 9.43827067e-03
  3.50129396e-03 1.61363982e-02 3.04460344e-04 3.65352413e-03
  1.52230172e-04]
 [1.79752066e-01 4.13223140e-01 3.10950413e-01 2.06611570e-02
  1.75619835e-02 5.37190083e-02 0.00000000e+00 4.13223140e-03
  0.00000000e+00]
 [3.70370370e-02 2.08994709e-01 8.20105820e-02 5.50264550e-01
  5.29100529e-03 1.13756614e-01 0.00000000e+00 2.64550265e-03
  0.00000000e+00]
 [2.25773719e-02 1.19228818e-02 5.32724505e-03 5.07356672e-04
  9.59157788e-01 2.53678336e-04 0.00000000e+00 2.53678336e-04
  0.00000000e+00]
 [1.93764312e-02 2.80077506e-02 1.12735600e-02 5.28448124e-03
  3.52298749e-04 9.33415536e-01 2.28994187e-03 0.00000000e+00
  0.00000000e+00]
 [8.13953488e-02 1.74418605e-01 1.16279070e-02 0.00000000e+00
  0.00000000e+00 2.55813953e-01 3.95348837e-01 8.13953488e-02
  0.00000000e+00]
 [2.01520913e-01 1.40684411e-01 1.90114068e-02 3.80228137e-03
  0.00000000e+00 1.52091255e-02 1.90114068e-02 6.00760456e-01
  0.00000000e+00]
 [4.28571429e-01 1.42857143e-01 0.00000000e+00 7.14285714e-02
  0.00000000e+00 1.66666667e-01 0.00000000e+00 2.38095238e-02
  1.66666667e-01]]
